No	Tree1	Tree2	Triples	Triples_toYuleAvg	Triples_toUnifAvg	RFCluster(0.5)	RFCluster(0.5)_toYuleAvg	RFCluster(0.5)_toUnifAvg	MatchingPair	MatchingPair_toYuleAvg	MatchingPair_toUnifAvg	NodalSplitted	NodalSplitted_toYuleAvg	NodalSplitted_toUnifAvg	MatchingCluster	MatchingCluster_toYuleAvg	MatchingCluster_toUnifAvg	MAST	MAST_toYuleAvg	MAST_toUnifAvg	CopheneticL2Metric	CopheneticL2Metric_toYuleAvg	CopheneticL2Metric_toUnifAvg
1	1	2	907.0000	0.0042	0.0042	26.0000	0.2101	0.2099	226.0000	0.0348	0.0354	173.5281	0.2964	0.1288	134.0000	0.1044	0.0621	23.0000	0.2112	0.2093	58.2924	0.1338	0.0612
2	1	3	21885.0000	0.1010	0.1009	37.0000	0.2989	0.2987	1397.0000	0.2154	0.2189	636.6270	1.0874	0.4725	740.0000	0.5764	0.3432	41.0000	0.3764	0.3730	381.1273	0.8747	0.4005
3	1	4	34465.0000	0.1591	0.1589	50.5000	0.4080	0.4077	1827.0000	0.2817	0.2863	591.9493	1.0111	0.4393	748.0000	0.5827	0.3469	63.0000	0.5784	0.5732	398.6138	0.9148	0.4188
4	1	5	17884.0000	0.0826	0.0825	60.0000	0.4847	0.4844	1850.0000	0.2852	0.2899	521.3310	0.8905	0.3869	670.0000	0.5219	0.3107	55.0000	0.5049	0.5004	302.8003	0.6949	0.3182
5	1	6	18002.0000	0.0831	0.0830	61.0000	0.4928	0.4925	1968.0000	0.3034	0.3084	524.8095	0.8964	0.3895	749.0000	0.5834	0.3473	57.0000	0.5233	0.5186	370.1419	0.8494	0.3889
6	1	7	17060.0000	0.0787	0.0787	61.0000	0.4928	0.4925	1072.0000	0.1653	0.1680	516.9739	0.8830	0.3837	558.0000	0.4347	0.2588	52.0000	0.4774	0.4731	215.1372	0.4937	0.2260
7	1	8	20358.0000	0.0940	0.0939	60.0000	0.4847	0.4844	1365.0000	0.2104	0.2139	514.9058	0.8795	0.3821	618.0000	0.4814	0.2866	52.0000	0.4774	0.4731	265.4054	0.6091	0.2789
8	2	3	21910.0000	0.1011	0.1010	44.0000	0.3555	0.3553	1410.0000	0.2174	0.2209	553.9115	0.9461	0.4111	686.0000	0.5344	0.3181	48.0000	0.4407	0.4367	368.3341	0.8453	0.3870
9	2	4	34416.0000	0.1589	0.1587	47.5000	0.3837	0.3835	1805.0000	0.2783	0.2828	513.4180	0.8770	0.3810	684.0000	0.5328	0.3172	59.0000	0.5416	0.5368	388.1817	0.8908	0.4079
10	2	5	17908.0000	0.0827	0.0826	57.0000	0.4605	0.4602	1847.0000	0.2847	0.2894	427.9720	0.7310	0.3176	596.0000	0.4643	0.2764	57.0000	0.5233	0.5186	289.5134	0.6644	0.3042
11	2	6	18024.0000	0.0832	0.0831	56.0000	0.4524	0.4521	1963.0000	0.3026	0.3076	432.5702	0.7389	0.3210	673.0000	0.5242	0.3121	57.0000	0.5233	0.5186	359.7318	0.8256	0.3780
12	2	7	17072.0000	0.0788	0.0787	56.0000	0.4524	0.4521	1065.0000	0.1642	0.1669	415.3505	0.7094	0.3082	480.0000	0.3739	0.2226	53.0000	0.4866	0.4822	194.4736	0.4463	0.2043
13	2	8	20374.0000	0.0940	0.0939	57.0000	0.4605	0.4602	1360.0000	0.2097	0.2131	416.7661	0.7119	0.3093	546.0000	0.4253	0.2532	53.0000	0.4866	0.4822	249.5716	0.5727	0.2622
14	3	4	13841.0000	0.0639	0.0638	28.5000	0.2302	0.2301	561.0000	0.0865	0.0879	182.3184	0.3114	0.1353	174.0000	0.1355	0.0807	35.0000	0.3213	0.3184	67.9043	0.1558	0.0713
15	3	5	20677.0000	0.0954	0.0953	59.0000	0.4767	0.4764	2022.0000	0.3117	0.3168	348.8352	0.5958	0.2589	420.0000	0.3272	0.1948	62.0000	0.5692	0.5641	163.6215	0.3755	0.1719
16	3	6	20793.0000	0.0960	0.0959	58.0000	0.4686	0.4683	2124.0000	0.3275	0.3328	348.7220	0.5956	0.2588	401.0000	0.3124	0.1860	61.0000	0.5600	0.5550	176.3377	0.4047	0.1853
17	3	7	19609.0000	0.0905	0.0904	61.0000	0.4928	0.4925	1338.0000	0.2063	0.2096	399.6323	0.6826	0.2966	544.0000	0.4238	0.2523	60.0000	0.5508	0.5459	270.4811	0.6207	0.2842
18	3	8	22907.0000	0.1057	0.1056	62.0000	0.5009	0.5006	1550.0000	0.2390	0.2429	386.2667	0.6598	0.2867	478.0000	0.3723	0.2217	61.0000	0.5600	0.5550	236.2710	0.5422	0.2483
19	4	5	33720.0000	0.1556	0.1555	64.5000	0.5211	0.5208	2450.0000	0.3777	0.3839	378.3120	0.6462	0.2808	462.0000	0.3599	0.2142	72.0000	0.6610	0.6551	190.0079	0.4361	0.1996
20	4	6	33838.0000	0.1562	0.1560	65.5000	0.5292	0.5288	2554.0000	0.3937	0.4002	377.7949	0.6453	0.2804	441.0000	0.3435	0.2045	72.0000	0.6610	0.6551	190.9817	0.4383	0.2007
21	4	7	32649.0000	0.1507	0.1505	68.5000	0.5534	0.5531	1766.0000	0.2723	0.2767	433.0312	0.7396	0.3214	600.0000	0.4674	0.2782	72.0000	0.6610	0.6551	300.6942	0.6901	0.3159
22	4	8	35956.0000	0.1660	0.1658	67.5000	0.5453	0.5450	1981.0000	0.3054	0.3104	420.4878	0.7182	0.3121	538.0000	0.4191	0.2495	71.0000	0.6518	0.6460	262.9582	0.6035	0.2763
23	5	6	120.0000	0.0006	0.0006	3.0000	0.0242	0.0242	120.0000	0.0185	0.0188	39.6106	0.0677	0.0294	123.0000	0.0958	0.0570	3.0000	0.0275	0.0273	84.5518	0.1940	0.0888
24	5	7	12812.0000	0.0591	0.0591	15.0000	0.1212	0.1211	1204.0000	0.1856	0.1886	174.5566	0.2982	0.1295	268.0000	0.2088	0.1243	17.0000	0.1561	0.1547	164.3654	0.3772	0.1727
25	5	8	12814.0000	0.0591	0.0591	15.0000	0.1212	0.1211	912.0000	0.1406	0.1429	154.6221	0.2641	0.1148	168.0000	0.1309	0.0779	15.0000	0.1377	0.1365	126.2537	0.2897	0.1327
26	6	7	12930.0000	0.0597	0.0596	16.0000	0.1293	0.1292	1322.0000	0.2038	0.2071	183.9429	0.3142	0.1365	357.0000	0.2781	0.1655	18.0000	0.1652	0.1638	228.4929	0.5244	0.2401
27	6	8	12934.0000	0.0597	0.0596	18.0000	0.1454	0.1453	1032.0000	0.1591	0.1617	162.6561	0.2778	0.1207	263.0000	0.2049	0.1220	18.0000	0.1652	0.1638	170.2616	0.3907	0.1789
28	7	8	5512.0000	0.0254	0.0254	6.0000	0.0485	0.0484	510.0000	0.0786	0.0799	74.3909	0.1271	0.0552	120.0000	0.0935	0.0556	10.0000	0.0918	0.0910	79.0822	0.1815	0.0831
---------
Summary:
Name	Avg	Std	Min	Max	Count
Triples	19692.035714285714	9393.501767871776	120.0	35956.0	28
RFCluster(0.5)	45.732142857142854	20.38534231065178	3.0	68.5	28
MatchingPair	1450.0357142857142	606.9478962188517	120.0	2554.0	28
NodalSplitted	368.0461668299088	160.00887634872743	39.61060464067672	636.6270493782055	28
MatchingCluster	472.82142857142856	199.92320910993882	120.0	749.0	28
MAST	47.035714285714285	20.520864195908974	3.0	72.0	28
CopheneticL2Metric	234.05677222504679	99.98213528222213	58.29236656715869	398.61384822908497	28
