No	Tree1	Tree2	Triples	Triples_toYuleAvg	Triples_toUnifAvg	RFCluster(0.5)	RFCluster(0.5)_toYuleAvg	RFCluster(0.5)_toUnifAvg	MatchingPair	MatchingPair_toYuleAvg	MatchingPair_toUnifAvg	NodalSplitted	NodalSplitted_toYuleAvg	NodalSplitted_toUnifAvg	MatchingCluster	MatchingCluster_toYuleAvg	MatchingCluster_toUnifAvg	MAST	MAST_toYuleAvg	MAST_toUnifAvg	CopheneticL2Metric	CopheneticL2Metric_toYuleAvg	CopheneticL2Metric_toUnifAvg
1	1	2	907.0000	0.0042	0.0042	26.0000	0.2101	0.2099	226.0000	0.0348	0.0354	173.5281	0.2964	0.1288	134.0000	0.1044	0.0621	23.0000	0.2112	0.2093	58.2924	0.1338	0.0612
2	2	3	21910.0000	0.1011	0.1010	44.0000	0.3555	0.3553	1410.0000	0.2174	0.2209	553.9115	0.9461	0.4111	686.0000	0.5344	0.3181	48.0000	0.4407	0.4367	368.3341	0.8453	0.3870
3	3	4	13841.0000	0.0639	0.0638	28.5000	0.2302	0.2301	561.0000	0.0865	0.0879	182.3184	0.3114	0.1353	174.0000	0.1355	0.0807	35.0000	0.3213	0.3184	67.9043	0.1558	0.0713
4	4	5	33720.0000	0.1556	0.1555	64.5000	0.5211	0.5208	2450.0000	0.3777	0.3839	378.3120	0.6462	0.2808	462.0000	0.3599	0.2142	72.0000	0.6610	0.6551	190.0079	0.4361	0.1996
5	5	6	120.0000	0.0006	0.0006	3.0000	0.0242	0.0242	120.0000	0.0185	0.0188	39.6106	0.0677	0.0294	123.0000	0.0958	0.0570	3.0000	0.0275	0.0273	84.5518	0.1940	0.0888
6	6	7	12930.0000	0.0597	0.0596	16.0000	0.1293	0.1292	1322.0000	0.2038	0.2071	183.9429	0.3142	0.1365	357.0000	0.2781	0.1655	18.0000	0.1652	0.1638	228.4929	0.5244	0.2401
7	7	8	5512.0000	0.0254	0.0254	6.0000	0.0485	0.0484	510.0000	0.0786	0.0799	74.3909	0.1271	0.0552	120.0000	0.0935	0.0556	10.0000	0.0918	0.0910	79.0822	0.1815	0.0831
---------
Summary:
Name	Avg	Std	Min	Max	Count
Triples	12705.714285714286	11193.222729009929	120.0	33720.0	7
RFCluster(0.5)	26.857142857142858	20.129428147640468	3.0	64.5	7
MatchingPair	942.7142857142857	770.6777563168881	120.0	2450.0	7
NodalSplitted	226.57349636229125	166.85286727412077	39.61060464067672	553.911545284985	7
MatchingCluster	293.7142857142857	201.90996174795643	120.0	686.0	7
MAST	29.857142857142858	22.151611172802316	3.0	72.0	7
CopheneticL2Metric	153.80936805322304	106.76593095811926	58.29236656715869	368.33408748037425	7
