No	Tree1	Tree2	Triples	Triples_toYuleAvg	Triples_toUnifAvg	RFCluster(0.5)	RFCluster(0.5)_toYuleAvg	RFCluster(0.5)_toUnifAvg	MatchingPair	MatchingPair_toYuleAvg	MatchingPair_toUnifAvg	NodalSplitted	NodalSplitted_toYuleAvg	NodalSplitted_toUnifAvg	MatchingCluster	MatchingCluster_toYuleAvg	MatchingCluster_toUnifAvg	MAST	MAST_toYuleAvg	MAST_toUnifAvg	CopheneticL2Metric	CopheneticL2Metric_toYuleAvg	CopheneticL2Metric_toUnifAvg
1	1	2	907.0000	0.0042	0.0042	26.0000	0.2101	0.2099	226.0000	0.0348	0.0354	173.5281	0.2964	0.1288	134.0000	0.1044	0.0621	23.0000	0.2112	0.2093	58.2924	0.1338	0.0612
2	1	3	21885.0000	0.1010	0.1009	37.0000	0.2989	0.2987	1397.0000	0.2154	0.2189	636.6270	1.0874	0.4725	740.0000	0.5764	0.3432	41.0000	0.3764	0.3730	381.1273	0.8747	0.4005
3	2	3	21910.0000	0.1011	0.1010	44.0000	0.3555	0.3553	1410.0000	0.2174	0.2209	553.9115	0.9461	0.4111	686.0000	0.5344	0.3181	48.0000	0.4407	0.4367	368.3341	0.8453	0.3870
4	4	5	33720.0000	0.1556	0.1555	64.5000	0.5211	0.5208	2450.0000	0.3777	0.3839	378.3120	0.6462	0.2808	462.0000	0.3599	0.2142	72.0000	0.6610	0.6551	190.0079	0.4361	0.1996
5	4	6	33838.0000	0.1562	0.1560	65.5000	0.5292	0.5288	2554.0000	0.3937	0.4002	377.7949	0.6453	0.2804	441.0000	0.3435	0.2045	72.0000	0.6610	0.6551	190.9817	0.4383	0.2007
6	5	6	120.0000	0.0006	0.0006	3.0000	0.0242	0.0242	120.0000	0.0185	0.0188	39.6106	0.0677	0.0294	123.0000	0.0958	0.0570	3.0000	0.0275	0.0273	84.5518	0.1940	0.0888
7	7	8	5512.0000	0.0254	0.0254	6.0000	0.0485	0.0484	510.0000	0.0786	0.0799	74.3909	0.1271	0.0552	120.0000	0.0935	0.0556	10.0000	0.0918	0.0910	79.0822	0.1815	0.0831
---------
Summary:
Name	Avg	Std	Min	Max	Count
Triples	16841.714285714286	13558.159279976928	120.0	33838.0	7
RFCluster(0.5)	35.142857142857146	23.395228887400897	3.0	65.5	7
MatchingPair	1238.142857142857	930.4159482375042	120.0	2554.0	7
NodalSplitted	319.1678732991384	214.50910089781934	39.61060464067672	636.6270493782055	7
MatchingCluster	386.57142857142856	247.13897602237446	120.0	740.0	7
MAST	38.42857142857143	25.78403239469366	3.0	72.0	7
CopheneticL2Metric	193.19675620544015	124.8033274177931	58.29236656715869	381.1272753293839	7
